62 71 297
2017 12 14 4 35 16 1 20 3.406000
2017 12 14 4 36 34 2 560 58.700996
2017 12 14 4 43 42 2 540 54.364998
2017 12 14 4 44 38 1 50 4.781000
2017 12 14 4 48 14 2 530 47.034000
2017 12 14 4 50 17 2 530 49.057999
2017 12 14 4 56 15 3 1640 153.945007
2017 12 14 4 58 24 2 500 56.260002
2017 12 14 5 0 52 2 610 57.576000
2017 12 14 5 9 25 1 0 3.644000
2017 12 14 5 10 26 1 0 3.627000
2017 12 14 5 11 17 1 330 28.555000
2017 12 15 10 30 12 1 60 5.564000
2017 12 15 10 31 10 2 550 52.151001
2017 12 15 10 46 4 1 70 6.300000
2017 12 15 10 49 22 1 390 33.226002
2017 12 15 14 24 38 2 520 55.788998
2017 12 15 16 9 26 3 1580 148.680008
2017 12 15 19 49 11 3 1660 683.503967
2017 12 15 19 54 10 1 420 46.369999
2017 12 15 20 33 8 2 550 53.268997
2017 12 15 20 33 35 1 30 3.642000
2017 12 15 20 35 30 2 540 54.393997
2017 12 15 20 41 29 3 1580 154.238007
2017 12 16 18 0 22 1 0 3.822000
2017 12 16 18 0 32 1 80 7.950000
2017 12 16 18 0 49 1 60 7.276000
2017 12 16 18 1 7 1 70 9.188000
2017 12 16 18 2 30 1 80 8.691000
2017 12 16 18 5 45 1 40 5.947000
2017 12 16 18 7 16 1 70 7.751000
2017 12 16 18 7 43 1 90 10.071000
2017 12 16 18 7 59 1 0 7.967000
2017 12 16 18 10 6 1 0 12.581000
2017 12 16 18 14 4 1 0 8.413000
2017 12 16 18 15 3 1 0 7.489000
2017 12 16 18 15 9 1 0 3.848000
2017 12 16 18 15 15 1 0 3.266000
2017 12 16 18 16 17 1 0 26.513000
2017 12 16 18 25 22 2 0 2.000000
2017 12 16 18 26 42 2 100 22.968000
2017 12 16 18 52 54 2 790 78.058998
2017 12 16 22 33 4 1 30 3.435000
2017 12 16 22 36 21 3 1620 147.997009
2017 12 16 23 30 30 1 270 20.829000
2017 12 16 23 30 57 1 240 25.079000
2017 12 16 23 31 47 2 500 44.553001
2017 12 17 1 31 10 1 0 2.672000
2017 12 17 1 31 39 1 0 2.840000
2017 12 17 1 31 59 1 0 2.274000
2017 12 17 1 34 52 2 570 62.238998
2017 12 17 1 36 21 2 500 47.166000
2017 12 17 1 37 49 2 500 43.674000
2017 12 17 3 7 39 1 0 1.599000
2017 12 17 15 51 15 2 930 398.539001
2017 12 17 15 53 32 1 170 14.734000
2017 12 17 15 57 3 1 0 1.673000
2017 12 17 16 3 39 1 0 5.317000
2017 12 17 16 6 31 1 0 1.298000
2017 12 17 18 10 8 1 0 1.572000
2017 12 17 18 13 19 1 30 3.405000
2017 12 17 18 16 47 1 100 8.567000
2017 12 13 1 18 48 560 26.621000
2017 12 13 1 19 44 0 3.655000
2017 12 13 1 19 49 0 3.530000
2017 12 13 1 20 1 0 3.480000
2017 12 13 1 21 13 0 3.686000
2017 12 13 1 21 23 0 3.502000
2017 12 13 1 22 57 0 4.522000
2017 12 13 1 23 5 20 3.983000
2017 12 13 1 24 46 0 5.947000
2017 12 13 1 25 1 0 5.854000
2017 12 13 1 25 15 0 5.836000
2017 12 13 1 26 51 0 5.845000
2017 12 13 2 40 19 1020 48.466000
2017 12 13 2 42 40 0 4.097000
2017 12 13 2 56 20 0 8.861000
2017 12 13 2 57 22 0 3.503000
2017 12 13 2 59 53 0 3.632000
2017 12 13 3 5 30 0 3.458000
2017 12 13 3 10 7 0 3.517000
2017 12 13 3 13 48 0 3.549000
2017 12 13 3 16 26 0 3.547000
2017 12 13 3 16 55 0 5.179000
2017 12 13 3 17 37 0 5.263000
2017 12 13 3 18 49 0 3.494000
2017 12 13 3 19 24 0 4.279000
2017 12 13 3 21 55 0 4.119000
2017 12 13 3 25 2 0 14.688000
2017 12 13 3 49 35 0 5.452000
2017 12 13 3 49 41 0 3.695000
2017 12 13 3 54 10 0 6.040000
2017 12 13 3 54 20 0 6.043000
2017 12 13 20 35 56 930 41.428001
2017 12 13 23 58 29 160 12.570000
2017 12 14 0 26 4 520 38.792999
2017 12 14 0 26 58 740 36.556999
2017 12 14 2 4 53 5050 165.889999
2017 12 14 4 35 6 0 2.485000
2017 12 14 4 59 48 1170 44.681999
2017 12 14 5 10 34 30 2.976000
2017 12 14 5 10 45 0 2.384000
2017 12 15 10 15 1 320 22.730000
2017 12 15 10 16 14 20 4.618000
2017 12 15 10 19 33 5900 196.417999
2017 12 15 10 46 8 20 2.502000
2017 12 15 10 49 45 260 14.836000
2017 12 15 12 39 7 0 1.930000
2017 12 15 16 45 10 30 3.563000
2017 12 15 16 45 26 180 12.701000
2017 12 15 17 4 48 0 4.350000
2017 12 15 17 8 36 10 4.865000
2017 12 15 17 10 56 0 2.408000
2017 12 15 17 29 35 80 7.419000
2017 12 15 17 29 42 50 4.604000
2017 12 15 17 29 57 240 13.493000
2017 12 15 17 30 49 90 7.718000
2017 12 16 2 21 28 350 16.782000
2017 12 16 22 32 45 270 20.250000
2017 12 16 22 33 9 40 4.588000
2017 12 17 4 11 13 50 5.209000
2017 12 17 4 16 3 790 56.851002
2017 12 17 15 52 11 450 32.493999
2017 12 17 15 53 15 20 3.885000
2017 12 17 16 3 42 0 1.761000
2017 12 17 16 6 34 0 1.433000
2017 12 17 18 10 21 130 11.220000
2017 12 17 18 13 27 90 6.937000
2017 12 17 21 3 51 280 21.923000
2017 12 17 21 9 26 150 12.910000
2021 9 24 14 27 18 180 17.264000
2021 9 24 14 28 5 150 13.160000
2021 9 24 14 28 24 190 14.722000
2017 12 15 12 45 26 1 0 4.550000
2017 12 15 12 47 49 1 0 21.316000
2017 12 15 12 48 9 1 0 1.451000
2017 12 15 12 51 21 1 0 2.965000
2017 12 15 12 52 38 1 0 5.971000
2017 12 15 14 23 37 1 0 8.350000
2017 12 15 14 29 10 1 0 4.137000
2017 12 15 14 29 41 1 0 12.216000
2017 12 15 14 30 51 1 0 32.055000
2017 12 15 17 10 26 1 0 100.355003
2017 12 15 17 11 7 1 0 7.877000
2017 12 15 17 12 6 1 0 46.470001
2017 12 15 17 12 19 1 0 5.978000
2017 12 15 17 15 35 1 0 1.826000
2017 12 15 17 15 45 1 0 1.757000
2017 12 15 17 19 0 1 0 7.477000
2017 12 15 17 27 18 1 0 14.525000
2017 12 15 17 27 21 1 0 1.168000
2017 12 15 17 28 32 1 0 5.991000
2017 12 15 17 28 39 1 0 5.415000
2017 12 15 17 29 26 1 0 13.435000
2017 12 15 19 37 40 1 0 80.366997
2017 12 15 19 50 18 1 0 11.920000
2017 12 15 19 50 53 1 0 21.896000
2017 12 15 19 51 22 1 0 12.127000
2017 12 15 19 52 37 1 0 18.848000
2017 12 15 19 53 22 1 0 9.913000
2017 12 16 2 9 29 1 0 6.894000
2017 12 16 2 21 54 1 0 24.141001
2017 12 16 2 25 8 1 0 6.196000
2017 12 16 2 26 20 1 0 10.410000
2017 12 16 2 27 34 1 0 26.584000
2017 12 16 2 31 49 1 0 45.476002
2017 12 16 2 36 41 1 0 7.262000
2017 12 16 2 36 56 1 0 10.010000
2017 12 16 2 46 33 1 450 204.572006
2017 12 16 2 46 54 1 180 12.471000
2017 12 16 2 52 6 1 80 6.219000
2017 12 16 2 52 57 1 40 3.194000
2017 12 16 2 55 29 1 0 1.811000
2017 12 16 2 56 1 1 0 3.340000
2017 12 16 2 57 0 1 30 3.995000
2017 12 16 2 57 31 1 20 2.650000
2017 12 16 2 58 27 1 60 4.936000
2017 12 16 3 2 12 1 70 9.194000
2017 12 16 3 3 43 1 30 4.643000
2017 12 16 3 4 19 1 110 7.915000
2017 12 16 3 4 50 1 210 14.638000
2017 12 16 3 7 17 1 80 14.253000
2017 12 16 3 12 13 1 190 21.440001
2017 12 16 3 14 13 1 30 12.456000
2017 12 16 3 16 43 1 10 18.403999
2017 12 16 3 17 47 1 80 50.129002
2017 12 16 3 18 21 1 10 17.490999
2017 12 16 3 19 34 1 60 21.457001
2017 12 16 4 16 12 1 80 7.382000
2017 12 16 4 16 34 1 130 12.463000
2017 12 16 4 17 5 1 160 25.003000
2017 12 16 4 21 15 1 50 8.751000
2017 12 16 4 21 40 1 310 23.033001
2017 12 16 4 24 7 1 140 18.826000
2017 12 16 4 26 3 1 140 17.259001
2017 12 16 4 27 13 1 70 8.256000
2017 12 16 4 27 32 1 90 7.672000
2017 12 16 4 27 36 1 30 2.781000
2017 12 16 4 28 1 1 150 12.595000
2017 12 16 4 29 48 1 60 20.077000
2017 12 16 4 31 6 1 110 42.073002
2017 12 16 4 32 12 1 560 41.330002
2017 12 16 4 32 36 1 30 10.207000
2017 12 16 4 39 20 1 520 52.931000
2017 12 16 4 45 29 1 500 46.160999
2017 12 16 4 55 8 1 180 17.482000
2017 12 16 4 56 33 1 0 11.055000
2017 12 16 4 56 45 1 60 5.253000
2017 12 16 5 0 56 1 0 3.237000
2017 12 16 5 1 3 1 0 2.150000
2017 12 16 5 2 55 1 0 6.542000
2017 12 16 5 3 11 1 0 4.352000
2017 12 16 5 4 36 1 0 2.681000
2017 12 16 5 4 55 1 0 1.777000
2017 12 16 5 6 11 1 80 8.525000
2017 12 16 5 8 27 1 0 6.650000
2017 12 16 5 9 57 1 30 6.602000
2017 12 16 5 14 9 1 150 42.118999
2017 12 16 5 15 0 1 580 47.168999
2017 12 16 5 17 8 1 0 8.078000
2017 12 16 5 17 27 1 0 16.580999
2017 12 16 5 17 35 1 30 4.013000
2017 12 16 5 17 48 1 70 7.354000
2017 12 16 5 19 5 1 0 6.443000
2017 12 16 5 19 18 1 0 6.297000
2017 12 16 5 19 44 1 0 23.051001
2017 12 16 5 20 14 1 10 26.160999
2017 12 16 5 21 20 1 0 6.439000
2017 12 16 5 21 30 1 10 7.544000
2017 12 16 5 27 39 1 250 17.145000
2017 12 16 5 29 16 1 380 45.979000
2017 12 16 5 38 53 1 0 35.433998
2017 12 16 5 41 2 1 0 15.934000
2017 12 16 5 41 15 1 0 7.014000
2017 12 16 5 42 50 1 0 28.500000
2017 12 16 5 43 55 1 0 8.780000
2017 12 16 5 45 26 1 0 6.580000
2017 12 16 5 46 49 1 10 21.558001
2017 12 16 5 53 30 1 0 28.298000
2017 12 16 5 56 45 1 0 88.220001
2017 12 16 6 2 37 1 0 7.899000
2017 12 16 6 3 19 1 0 18.073999
2017 12 16 6 5 13 1 0 9.629000
2017 12 16 6 6 31 1 0 9.390000
2017 12 16 6 7 37 1 0 13.041000
2017 12 16 6 9 13 1 0 10.523000
2017 12 16 6 9 50 1 0 25.221001
2017 12 16 6 20 20 1 110 9.263000
2017 12 16 6 20 41 1 200 17.649000
2017 12 16 6 21 3 1 250 19.747999
2017 12 16 6 21 40 1 430 33.306000
2017 12 16 6 26 41 1 310 33.643002
2017 12 16 6 29 36 1 560 55.147999
2017 12 16 6 32 52 1 0 15.932000
2017 12 16 6 33 30 1 0 29.705999
2017 12 16 6 39 13 1 410 35.025002
2017 12 16 6 40 30 1 690 61.694000
2017 12 16 6 42 9 1 70 6.638000
2017 12 16 6 44 6 1 330 28.014999
2017 12 16 18 53 29 1 320 24.423000
2017 12 16 18 55 31 1 530 44.803001
2017 12 16 18 56 46 1 210 17.997000
2017 12 16 18 59 58 1 70 9.586000
2017 12 16 19 1 25 1 410 36.266998
2017 12 16 19 4 28 1 0 27.823999
2017 12 16 19 5 9 1 0 12.035000
2017 12 16 19 6 23 1 0 13.224000
2017 12 16 19 8 48 1 0 38.848999
2017 12 16 19 10 2 1 0 14.184000
2017 12 16 19 17 1 1 120 10.067000
2017 12 16 19 19 41 1 1890 138.514999
2017 12 16 19 27 59 1 2000 140.347000
2017 12 16 19 31 29 1 0 7.885000
2017 12 16 19 32 10 1 0 31.841000
2017 12 16 19 35 11 1 0 17.249001
2017 12 16 19 36 34 1 0 56.917999
2017 12 16 19 37 43 1 0 41.962002
2017 12 16 19 39 4 1 0 36.022999
2017 12 16 19 40 15 1 0 8.954000
2017 12 16 19 40 38 1 0 20.881001
2017 12 16 19 42 41 1 0 20.493999
2017 12 16 19 45 22 1 0 50.233002
2017 12 16 19 46 20 1 0 20.763000
2017 12 16 19 48 34 1 0 34.652000
2017 12 16 19 49 10 1 0 16.712999
2017 12 16 19 51 46 1 0 58.507999
2017 12 16 19 52 55 1 0 25.570999
2017 12 16 19 54 44 1 0 82.910004
2017 12 16 19 58 3 1 0 13.252000
2017 12 16 20 7 49 1 170 14.550000
2017 12 16 20 8 28 1 150 12.823000
2017 12 16 20 9 44 1 0 10.164000
2017 12 16 20 10 41 1 0 14.174000
2017 12 16 20 11 50 1 0 22.134001
2017 12 16 21 0 44 1 100 8.765000
2017 12 16 21 1 0 1 130 10.387000
2017 12 16 21 1 33 1 70 6.140000
2017 12 16 21 48 4 1 560 59.499001
2017 12 16 22 32 59 1 0 1.383000
2017 12 16 23 30 5 1 380 28.858000
2017 12 17 2 52 13 1 0 38.755001
2017 12 17 2 56 51 1 0 46.000000
2017 12 17 2 57 41 1 0 5.174000
2017 12 17 2 58 13 1 0 12.780000
2017 12 17 2 59 12 1 0 46.028999
2017 12 17 2 59 41 1 0 8.760000
2017 12 17 3 0 36 1 0 21.260000
2017 12 17 3 3 52 1 0 21.339001
2017 12 17 3 7 16 1 0 19.337999
2017 12 17 3 8 4 1 0 24.101000
2017 12 17 3 8 46 1 0 12.158000
2017 12 17 3 10 3 1 0 17.879999
2017 12 17 3 10 29 1 0 12.793000
2017 12 17 3 11 6 1 0 10.504000
2017 12 17 3 11 47 1 0 21.688999
2017 12 17 3 13 20 1 0 86.737000
2017 12 17 3 15 16 1 0 51.458000
2017 12 17 3 16 8 1 0 19.584999
2017 12 17 3 17 58 1 0 66.787003
2017 12 17 3 19 8 1 0 28.620001
2017 12 17 3 23 32 1 0 50.778999
2017 12 17 3 30 28 1 0 72.691002
2017 12 17 3 31 26 1 0 46.098999
2017 12 17 3 34 45 1 0 24.709000
2017 12 17 3 35 4 1 170 17.247999
2017 12 17 3 39 17 1 0 9.633000
2017 12 17 3 40 17 1 0 57.124001
2017 12 17 3 42 21 1 0 17.268999
2017 12 17 3 45 28 1 0 25.547001
2017 12 17 3 46 15 1 0 23.461000
2017 12 17 3 47 34 1 0 13.675000
2017 12 17 3 48 10 1 0 10.549000
2017 12 17 3 48 50 1 0 37.076000
2017 12 17 3 50 57 1 0 9.718000
2017 12 17 3 52 21 1 0 8.761000
2017 12 17 3 53 4 1 0 39.585999
2017 12 17 3 54 51 1 0 16.327000
2017 12 17 3 56 18 1 0 84.803001
2017 12 17 4 10 34 1 240 18.084999
2017 12 17 4 10 52 1 200 14.430000
2017 12 17 15 53 43 1 0 3.523000
2017 12 17 15 57 12 1 80 6.837000
2017 12 17 15 59 37 1 960 66.189003
2017 12 17 16 0 11 1 10 2.218000
2017 12 17 16 1 45 1 710 49.953999
2017 12 17 16 2 9 1 0 2.927000
2017 12 17 16 2 46 1 0 2.489000
2017 12 17 16 3 11 1 0 6.447000
2017 12 17 16 3 33 1 0 4.269000
2017 12 17 16 6 39 1 40 3.806000
2017 12 17 16 42 14 1 0 18.840000
2017 12 17 16 44 51 1 0 6.258000
2017 12 17 16 46 19 1 0 85.863998
2017 12 17 17 30 44 1 50 11.533000
2017 12 17 17 33 47 1 0 12.169000
2017 12 17 17 35 26 1 0 32.719002
2017 12 17 17 37 12 1 0 17.198999
2017 12 17 17 38 7 1 0 16.402000
2017 12 17 17 39 4 1 10 15.421000
2017 12 17 17 40 35 1 0 34.500000
2017 12 17 17 43 52 1 0 13.939000
2017 12 17 17 45 59 1 0 26.131001
2017 12 17 17 51 13 1 0 31.940001
2017 12 17 17 52 54 1 0 81.195999
2017 12 17 17 54 43 1 0 6.365000
2017 12 17 17 55 25 1 0 37.000000
2017 12 17 17 56 38 1 0 34.078999
2017 12 17 17 59 5 1 0 6.829000
2017 12 17 17 59 34 1 0 26.896999
2017 12 17 18 9 14 1 0 1.237000
2017 12 17 18 10 29 1 70 6.348000
2017 12 17 22 3 45 1 800 60.034000
2017 12 17 22 4 18 1 190 18.399000
2017 12 17 22 4 58 1 300 22.533001
2017 12 17 22 5 59 1 660 48.564999
2017 12 17 22 7 22 1 680 48.333000
2017 12 17 22 12 5 1 1100 83.237999
2017 12 17 22 27 58 1 200 16.552000
2017 12 17 22 30 46 1 610 44.794998
2017 12 17 23 0 31 1 210 17.757000
2017 12 17 23 1 7 1 360 28.038000
2017 12 17 23 1 37 1 280 21.847000
2017 12 17 23 1 54 1 120 10.219000
2017 12 17 23 2 22 1 170 13.119000
2017 12 17 23 2 49 1 250 18.620001
2017 12 17 23 3 27 1 330 24.664000
2017 12 17 23 3 58 1 210 18.198999
2017 12 17 23 4 7 1 80 7.154000
2017 12 17 23 5 31 1 140 11.355000
2017 12 17 23 5 53 1 170 13.435000
2017 12 17 23 6 30 1 360 28.858999
2017 12 17 23 7 10 1 270 22.014000
2017 12 17 23 7 29 1 120 11.060000
2017 12 17 23 8 49 1 140 13.017000
2017 12 17 23 10 17 1 460 36.138000
2017 12 17 23 11 13 1 610 47.928001
2017 12 17 23 11 40 1 140 10.890000
2017 12 17 23 11 57 1 130 9.610000
2017 12 17 23 12 37 1 240 18.777000
2017 12 17 23 13 0 1 210 15.890000
2017 12 17 23 13 26 1 190 15.638000
2017 12 17 23 14 2 1 280 20.169001
2017 12 17 23 15 1 1 270 20.921000
2017 12 17 23 15 17 1 80 7.299000
2017 12 17 23 17 1 1 150 13.224000
2017 12 17 23 18 1 1 660 49.782001
2017 12 17 23 18 38 1 280 21.746000
2017 12 17 23 19 19 1 420 32.087002
2017 12 17 23 19 55 1 330 26.000000
2017 12 17 23 20 26 1 210 16.188999
2017 12 17 23 20 55 1 250 18.729000
2017 12 17 23 21 26 1 260 18.686001
2017 12 17 23 21 45 1 150 12.002000
2017 12 17 23 22 15 1 210 15.917000
2017 12 17 23 23 20 1 140 11.658000
2017 12 17 23 24 30 1 840 60.910999
2017 12 17 23 26 30 1 130 10.808000
2017 12 17 23 27 8 1 390 29.617001
2017 12 17 23 27 54 1 480 36.000999
2017 12 17 23 28 36 1 410 31.297001
2017 12 17 23 29 28 1 540 43.546001
2017 12 17 23 30 49 1 130 10.498000
2017 12 17 23 31 40 1 520 40.874001
2017 12 17 23 32 17 1 350 26.757999
2017 12 17 23 32 46 1 270 19.900999
2017 12 17 23 33 13 1 240 17.426001
2017 12 17 23 33 54 1 380 27.613001
2017 12 17 23 35 31 1 830 61.527000
2021 9 24 14 26 12 1 480 33.884998
2021 9 24 14 26 53 1 510 34.012001
